
importance	stddev	p_value	n	p99_high	p99_low
wind_speed_100m_37.437N_109.090E	344.987053	15.536516	4.922788e-07	5	376.976955	312.997151
wind_speed_100m_37.437N_108.370E	125.192462	3.337064	6.052231e-08	5	132.063524	118.321400
regional_wind_speed_100m_std	104.946521	8.262767	4.573304e-06	5	121.959672	87.933370
regional_wind_speed_100m_mean	80.360778	3.613032	4.890150e-07	5	87.800060	72.921496
wind_speed_100m_37.437N_107.651E	78.344870	3.256260	3.572857e-07	5	85.049555	71.640186
regional_wind_speed_100m_mean_ma12	68.310720	4.411363	2.075420e-06	5	77.393778	59.227662
regional_wind_speed_100m_std_ma12	54.879658	3.225980	1.426212e-06	5	61.521996	48.237320
regional_wind_speed_100m_std_ma24	46.615580	3.677264	4.608517e-06	5	54.187117	39.044044
regional_wind_speed_100m_mean_ma24	43.871387	1.331113	1.015741e-07	5	46.612168	41.130606
wind_speed_100m_36.721N_107.651E	33.236345	2.087732	1.858427e-06	5	37.535014	28.937677
wind_speed_100m_38.154N_109.809E	22.409850	1.213205	1.026756e-06	5	24.907856	19.911844
wind_speed_100m_36.721N_109.090E	20.038049	2.211174	1.750784e-05	5	24.590887	15.485212
wind_speed_100m_38.870N_109.809E	19.302423	0.809290	3.699414e-07	5	20.968762	17.636084
wind_speed_100m_38.154N_108.370E	19.016346	2.112047	1.796297e-05	5	23.365081	14.667612
v100_35.288N_109.809E	15.821071	0.559260	1.870554e-07	5	16.972595	14.669546
wind_speed_100m_36.004N_108.370E	14.916279	1.493134	1.188924e-05	5	17.990662	11.841895
wind_speed_100m_36.721N_108.370E	14.884412	2.808924	1.452341e-04	5	20.668026	9.100799
wind_speed_100m_38.154N_107.651E	10.429303	1.425233	4.082876e-05	5	13.363878	7.494729
v100_34.571N_107.651E	8.534974	0.701061	5.413764e-06	5	9.978469	7.091479
wind_speed_100m_38.154N_110.528E	8.166921	0.384927	5.904394e-07	5	8.959491	7.374352
temperature_2m_added	7.181278	0.945817	3.528785e-05	5	9.128729	5.233827
wind_speed_100m_35.288N_109.809E	7.048572	0.303929	4.137995e-07	5	7.674366	6.422778
wind_speed_100m_38.870N_109.090E	6.691093	1.529008	3.056208e-04	5	9.839341	3.542846
wind_speed_100m_38.870N_111.247E	6.018306	0.753435	2.886995e-05	5	7.569639	4.466973
wind_speed_100m_34.571N_109.090E	5.200512	1.154956	2.736688e-04	5	7.578583	2.822441
wind_speed_100m_35.288N_109.090E	4.802323	0.329762	2.651278e-06	5	5.481309	4.123338
regional_v100_std_ma12	4.645930	0.553629	2.374587e-05	5	5.785860	3.506000
v100_34.571N_110.528E	4.621115	1.012858	2.600578e-04	5	6.706603	2.535626
wind_speed_100m_35.288N_107.651E	4.616734	0.145609	1.185804e-07	5	4.916544	4.316924
wind_speed_100m_39.587N_109.809E	4.166726	0.620994	5.749083e-05	5	5.445362	2.888090
v100_38.870N_111.247E	4.136936	0.312424	3.873888e-06	5	4.780221	3.493651
wind_speed_100m_33.855N_108.370E	3.887523	0.350608	7.853828e-06	5	4.609429	3.165616
regional_u100_std_ma24	3.850294	0.849281	2.665323e-04	5	5.598975	2.101613
wind_speed_100m_35.288N_108.370E	3.637972	0.565986	6.808929e-05	5	4.803345	2.472600
wind_speed_100m_36.004N_109.809E	3.468343	0.354263	1.288192e-05	5	4.197776	2.738910
wind_speed_100m_38.154N_111.247E	3.357747	0.374673	1.829887e-05	5	4.129204	2.586290
wind_speed_100m_37.437N_111.247E	3.169284	0.619956	1.670869e-04	5	4.445782	1.892785
wind_speed_100m_33.138N_110.528E	3.014507	0.527561	1.081130e-04	5	4.100763	1.928250
regional_v100_std_ma24	2.954078	0.139383	5.929916e-07	5	3.241070	2.667086
v100_34.571N_109.090E	2.747441	0.407714	5.652529e-05	5	3.586929	1.907953
wind_speed_100m_34.571N_110.528E	2.708598	0.582564	2.416880e-04	5	3.908106	1.509090
u100_39.587N_111.247E	2.707427	0.997124	1.858756e-03	5	4.760519	0.654336
wind_speed_100m_33.138N_109.809E	2.580006	0.194054	3.811681e-06	5	2.979565	2.180447
regional_u100_mean_ma12	2.425502	0.154144	1.946907e-06	5	2.742886	2.108117
u100_32.422N_109.809E	2.424462	0.157344	2.116834e-06	5	2.748435	2.100488
regional_u100_mean_ma24	2.283272	0.117539	8.397333e-07	5	2.525285	2.041258
wind_speed_100m_38.154N_109.090E	2.248462	0.298415	3.637379e-05	5	2.862903	1.634022
v100_38.154N_111.247E	2.169379	0.426101	1.697755e-04	5	3.046728	1.292031
hour_sin	1.959096	0.223189	1.986895e-05	5	2.418646	1.499546
v100_37.437N_109.090E	1.942045	0.103769	9.744543e-07	5	2.155706	1.728383
